Matrix 0 (A) is
[[3. 5. 9. 4. 2. 8. 5. 8.]
 [2. 9. 8. 3. 2. 0. 6. 3.]
 [5. 9. 2. 1. 0. 7. 3. 7.]
 [0. 1. 3. 7. 4. 0. 6. 0.]
 [6. 9. 2. 3. 0. 0. 1. 4.]
 [8. 5. 4. 6. 6. 0. 9. 5.]
 [2. 4. 2. 8. 5. 3. 5. 0.]
 [3. 3. 9. 6. 3. 0. 3. 4.]]
Matrix 1 (B) is
[[3. 4. 3. 5. 3. 9. 0. 1.]
 [7. 0. 5. 1. 4. 2. 9. 7.]
 [2. 7. 2. 9. 3. 5. 8. 1.]
 [1. 7. 8. 6. 3. 9. 4. 9.]
 [0. 0. 3. 6. 7. 2. 8. 4.]
 [6. 0. 5. 1. 0. 3. 0. 6.]
 [6. 3. 7. 8. 4. 1. 3. 9.]
 [3. 5. 5. 0. 7. 2. 0. 5.]]
Answer is
[[168. 158. 205. 185. 158. 167. 164. 224.]
 [133. 118. 154. 169. 134. 119. 191. 177.]
 [164.  85. 163.  89. 121. 120. 110. 183.]
 [ 56.  88. 121. 142.  86.  94. 111. 143.]
 [106.  82. 118.  83. 101. 118. 112. 127.]
 [142. 154. 211. 225. 187. 187. 176. 231.]
 [ 94.  93. 159. 153. 107. 132. 139. 187.]
 [ 84. 146. 140. 177. 127. 149. 156. 146.]]
Your answer is:
[[168. 158. 205. 185. 158. 167. 164. 224.]
 [133. 118. 154. 169. 134. 119. 191. 177.]
 [164.  85. 163.  89. 121. 120. 110. 183.]
 [ 56.  88. 121. 142.  86.  94. 111. 143.]
 [106.  82. 118.  83. 101. 118. 112. 127.]
 [142. 154. 211. 225. 187. 187. 176. 231.]
 [ 94.  93. 159. 153. 107. 132. 139. 187.]
 [ 84. 146. 140. 177. 127. 149. 156. 146.]]
##########

                                   ___
                               ,-""   `.
       Thank Mr. Goose       ,'  _   ' )`-._
                            /  ,' `-._<.===-'
                           /  /
                          /  ;
              _          /   ;
 (`._    _.-"" ""--..__,'    |
 <_  `-""                     \
  <`-                          :
   (__   <__.                  ;
     `-.   '-.__.      _.'    /
        \      `-.__,-'    _,'
         `._    ,    /__,-'
            ""._\__,'< <____
                 | |  `----.`.
                 | |        \ `.
                 ; |___      \-``
                 \   --<
                  `.`.<
                    `-'
                    

##########
