Matrix 0 (A) is
[[ 1.  7.  8.  2.  8.  6.  2.  5.]
 [ 9.  8.  3.  4.  4.  7.  5.  4.]
 [ 8.  5.  6.  3.  5.  3.  1.  9.]
 [ 3.  6.  7.  7.  7.  7.  1.  5.]
 [ 9.  2.  0.  1.  9.  9.  3.  1.]
 [ 8.  8.  3.  6.  5.  4.  5.  1.]
 [ 6.  3.  3.  3.  8.  2.  2.  2.]
 [ 7.  9.  2.  2.  6.  7.  1.  7.]]
Matrix 1 (B) is
[[ 9.  6.  8.  1.  1.  0.  6.  6.]
 [ 6.  4.  4.  2.  6.  6.  4.  2.]
 [ 9.  1.  5.  4.  2.  8.  7.  9.]
 [ 6.  5.  8.  2.  1.  4.  2.  3.]
 [ 4.  8.  4.  7.  2.  0.  9.  0.]
 [ 3.  6.  7.  5.  9.  3.  4.  5.]
 [ 3.  1.  1.  6.  9.  3.  5.  1.]
 [ 9.  3.  2.  6.  4.  3.  2.  7.]]
Answer is
[[ 236.  169.  178.  179.  169.  153.  210.  165.]
 [ 268.  200.  229.  162.  199.  136.  212.  177.]
 [ 287.  175.  198.  158.  135.  129.  196.  200.]
 [ 265.  198.  227.  177.  166.  159.  211.  185.]
 [ 180.  199.  192.  147.  152.   55.  198.  116.]
 [ 239.  185.  214.  139.  163.  126.  201.  141.]
 [ 179.  150.  151.  120.   93.   72.  169.  104.]
 [ 258.  202.  206.  162.  179.  123.  197.  169.]]
Your answer is:
[[ 236.  169.  178.  179.  169.  153.  210.  165.]
 [ 268.  200.  229.  162.  199.  136.  212.  177.]
 [ 287.  175.  198.  158.  135.  129.  196.  200.]
 [ 265.  198.  227.  177.  166.  159.  211.  185.]
 [ 180.  199.  192.  147.  152.   55.  198.  116.]
 [ 239.  185.  214.  139.  163.  126.  201.  141.]
 [ 179.  150.  151.  120.   93.   72.  169.  104.]
 [ 258.  202.  206.  162.  179.  123.  197.  169.]]
##########

                                   ___
                               ,-""   `.
       Thank Mr. Goose       ,'  _   ' )`-._
                            /  ,' `-._<.===-'
                           /  /
                          /  ;
              _          /   ;
 (`._    _.-"" ""--..__,'    |
 <_  `-""                     \
  <`-                          :
   (__   <__.                  ;
     `-.   '-.__.      _.'    /
        \      `-.__,-'    _,'
         `._    ,    /__,-'
            ""._\__,'< <____
                 | |  `----.`.
                 | |        \ `.
                 ; |___      \-``
                 \   --<
                  `.`.<
                    `-'
                    

##########
